140.767
146.127
148.895
143.942
143.34
143.287
139.811
145.953
142.695
147.53
142.547
145.656
144.167
142.602
141.427
144.459
143.085
141.057
147.604
141.416
139.507
146.863
138.992
141.157
141.62
142.932
138.466
145.958
146.47
144.386
140.194
145.539
141.1
147.56
140.242
140.867
142.214
142.468
144.503
145.284
145.176
147.933
144.897
142.58
147.813
142.458
147.706
142.519
147.013
144.689
147.509
143.448
142.126
146.552
144.176
142.488
145.163
141.585
146.274
145.74
141.13
144.2
147.266
146.75
143.559
145.493
147.04
143.508
143.514
143.833
143.98
144.117
149.25
143.737
145.167
142.989
142.021
147.932
140.307
144.649
145.205
147.157
141.402
142.2
141.577
148.495
140.816
138.857
137.905
144.776
141.875
146.811
141.155
142.904
141.863
147.567
143.752
146.866
144.497
142.94
142.849
147.523
140.652
142.591
143.728
144.151
143.499
142.491
142.8
141.034
139.77
148.722
142.335
141.804
143.026
142.348
142.533
141.501
144.922
141.739
147.188
143.58
143.541
142.513
142.156
